batch [{'token_ids': tensor([[49515,  1146,   262,  ...,   257, 15849,    13],
        [ 7003,  2716,  1871,  ..., 50256, 50256, 50256],
        [   40,   892,   262,  ..., 50256, 50256, 50256],
        ...,
        [  464,  1621,   318,  ..., 50256, 50256, 50256],
        [   40,  2497,   262,  ..., 50256, 50256, 50256],
        [  464,  7464,   286,  ..., 50256, 50256, 50256]]), 'attention_mask': tensor([[1, 1, 1,  ..., 1, 1, 1],
        [1, 1, 1,  ..., 0, 0, 0],
        [1, 1, 1,  ..., 0, 0, 0],
        ...,
        [1, 1, 1,  ..., 0, 0, 0],
        [1, 1, 1,  ..., 0, 0, 0],
        [1, 1, 1,  ..., 0, 0, 0]]), 'labels': tensor([0, 1, 1, 0, 0, 1, 1, 0, 0, 1, 1, 1, 1, 1, 1, 0, 0, 0, 1, 0, 0, 0, 0, 0,
        1, 0, 0, 0, 0, 0, 1, 0]), 'sents': ['Practically the only other actor who would be less likely to play'],

b_ids tensor([[49515,  1146,   262,  ...,   257, 15849,    13],
        [ 7003,  2716,  1871,  ..., 50256, 50256, 50256],
        [   40,   892,   262,  ..., 50256, 50256, 50256],
        ...,
        [  464,  1621,   318,  ..., 50256, 50256, 50256],
        [   40,  2497,   262,  ..., 50256, 50256, 50256],
        [  464,  7464,   286,  ..., 50256, 50256, 50256]])

b_mask tensor([[1, 1, 1,  ..., 1, 1, 1],
        [1, 1, 1,  ..., 0, 0, 0],
        [1, 1, 1,  ..., 0, 0, 0],
        ...,
        [1, 1, 1,  ..., 0, 0, 0],
        [1, 1, 1,  ..., 0, 0, 0],
        [1, 1, 1,  ..., 0, 0, 0]])

b_labels tensor([0, 1, 1, 0, 0, 1, 1, 0, 0, 1, 1, 1, 1, 1, 1, 0, 0, 0, 1, 0, 0, 0, 0, 0,
        1, 0, 0, 0, 0, 0, 1, 0]) 

b_sents ['Practically the only other actor who would be less likely to play']